function f = ch1_1_4_investment_c(x)
V1 = [0.0108075378787879,0.0124072121212121,0.0130751287878788, 0;
    0.0124072121212121,0.0583916969696970,0.0554263939393939, 0;
    0.0130751287878788,0.0554263939393939,0.0942268106060606, 0;
    0, 0, 0, 0];
V = zeros(9);
V(1:4,1:4) = V1;
f = x' * V * x;
end